top_n,bottom_n,rebalance_days
10,10,1
